x = [1,2,3]

y = [0,2,4]